# MGM_Star_index J_Mag e_J_Mag M_dust e_M_dust det
2 14.48 0.009 2.4 0.59 0
3 12.785 0.024 2.4 0.58 1
5 14.722 0.007 2.0 0.49 0
9 11.496 0.024 2.2 0.55 0
10 12.006 0.029 2.4 0.61 0
11 12.445 0.023 25.8 0.61 1
15 12.709 0.023 2.3 0.57 0
16 13.155 0.003 2.3 0.57 0
17 12.427 0.023 63.8 0.53 1
18 11.752 0.024 2.5 0.62 0
20 12.253 0.023 110.4 0.67 1
21 10.84 0.022 2.1 0.53 0
22 14.07 0.006 6.0 0.49 1
26 13.113 0.004 2.2 0.54 0
27 15.18 0.01 2.2 0.56 0
28 12.436 0.027 5.8 0.58 1
30 17.965 0.032 2.4 0.59 0
34 11.889 0.026 2.3 0.58 0
36 14.604 0.013 7.5 0.57 1
38 14.366 0.008 8.2 0.58 1
41 12.362 0.024 2.2 0.55 0
45 13.579 0.004 4.2 0.55 1
46 14.052 0.006 2.4 0.59 0
47 19.486 0.079 15.1 0.67 1
48 13.492 0.005 2.4 0.6 0
49 15.07 0.008 141.4 0.66 1
50 19.808 0.083 2.1 0.52 0
51 16.674 0.019 4.1 0.56 1
52 12.918 0.024 87.0 0.68 1
53 13.527 0.005 5.2 0.51 1
54 12.575 0.024 2.3 0.58 0
55 7.501 0.019 15.6 0.97 1
56 12.2 0.023 23.7 1.62 1
57 14.318 0.006 2.2 0.55 0
58 13.314 0.005 2.7 0.53 1
59 10.361 0.023 69.1 0.65 1
61 13.932 0.005 2.1 0.53 0
62 14.311 0.005 7.2 0.55 1
63 15.767 0.015 2.4 0.6 0
64 14.185 0.005 2.4 0.59 1
65 12.422 0.027 19.6 0.58 1
68 11.815 0.032 2.1 0.53 0
71 12.699 0.027 92.0 0.55 1
72 14.474 0.008 4.5 0.56 1
73 12.928 0.022 11.4 0.48 1
74 15.335 0.015 5.9 0.51 1
78 15.143 0.013 2.2 0.55 0
79 12.583 0.022 5.9 0.51 1
80 11.253 0.023 16.1 0.53 1
81 13.115 0.004 30.8 0.56 1
82 15.349 0.011 2.2 0.55 0
83 12.165 0.036 2.3 0.57 0
84 12.919 0.024 47.4 0.52 1
85 16.472 0.018 6.4 0.61 1
86 17.473 0.024 3.9 0.55 1
87 17.42 0.027 2.2 0.55 0
88 17.165 0.023 2.1 0.51 0
90 12.556 0.024 2.4 0.6 0
92 13.145 0.004 5.0 0.55 1
93 12.821 0.024 4.8 0.59 1
94 13.44 0.005 2.3 0.57 0
95 12.752 0.025 48.1 0.59 1
96 17.244 0.037 17.0 0.56 1
97 14.944 0.007 2.4 0.6 0
98 12.548 0.027 19.1 0.54 1
99 12.574 0.023 2.1 0.54 0
100 12.207 0.024 2.3 0.56 1
101 11.418 0.026 1.9 0.48 0
102 11.429 0.023 79.0 0.63 1
104 14.917 0.009 2.3 0.59 0
105 12.484 0.023 33.7 0.55 1
106 11.721 0.023 2.2 0.55 0
107 13.285 0.004 13.2 0.5 1
108 12.805 0.024 4.8 0.55 1
109 15.069 0.009 2.3 0.58 0
110 13.361 0.004 2.2 0.54 0
111 14.919 0.008 2.1 0.53 0
112 12.597 0.023 4.8 0.54 1
113 14.764 0.007 2.3 0.57 0
114 13.917 0.004 2.3 0.57 0
115 13.348 0.005 25.3 0.48 1
117 14.906 0.008 4.7 0.58 1
118 10.75 0.024 3.0 0.55 1
119 13.186 0.003 2.2 0.54 0
120 10.263 0.023 11.5 0.51 1
121 18.376 0.036 3.5 0.56 1
123 16.894 0.027 3.1 0.57 1
124 12.078 0.023 92.3 0.51 1
126 15.347 0.01 2.1 0.52 0
127 10.287 0.029 3.1 0.5 1
128 14.001 0.008 14.2 0.57 1
129 12.571 0.024 331.8 0.81 1
130 11.639 0.029 2.3 0.58 0
131 14.408 0.009 13.1 0.56 1
132 12.988 0.024 4.0 0.63 1
133 16.455 0.023 2.2 0.56 0
134 12.368 0.024 2.4 0.6 0
135 13.708 0.005 2.1 0.54 0
136 11.212 0.026 2.1 0.53 0
137 13.2 0.003 35.2 0.58 1
139 12.479 0.021 1.9 0.49 0
141 15.492 0.011 2.2 0.54 0
142 11.717 0.023 2.2 0.55 0
145 13.408 0.005 1.9 0.48 0
146 13.557 0.004 2.2 0.55 1
147 11.193 0.022 2.3 0.57 0
148 13.725 0.006 15.9 0.53 1
149 12.988 0.024 4.1 0.53 1
152 15.7 0.011 9.9 0.52 1
154 13.716 0.005 15.5 0.54 1
155 12.981 0.003 2.5 0.63 0
157 14.163 0.006 2.0 0.5 0
160 14.9 0.008 14.5 0.53 1
161 14.708 0.008 2.3 0.54 1
162 13.635 0.004 2.0 0.49 0
164 12.02 0.023 9.5 0.48 1
165 12.063 0.023 2.6 0.47 1
166 15.695 0.015 2.2 0.55 0
167 13.075 0.004 2.0 0.49 0
168 10.83 0.023 6.0 0.5 1
169 14.875 0.008 2.5 0.63 0
172 12.707 0.022 3.0 0.55 1
173 13.983 0.007 17.9 0.54 1
176 13.942 0.004 1.4 0.36 0
179 13.811 0.006 51.2 0.37 1
181 13.986 0.005 1.6 0.4 0
182 11.591 0.021 1.7 0.39 1
184 11.171 0.026 3.2 0.36 1
185 12.157 0.022 101.8 0.38 1
186 14.265 0.005 3.6 0.34 1
187 12.597 0.023 11.5 0.35 1
188 14.221 0.006 1.3 0.34 0
189 15.533 0.015 1.5 0.38 0
190 15.332 0.016 1.3 0.31 0
191 10.986 0.023 10.4 0.35 1
192 13.5 0.004 2.4 0.32 1
195 16.102 0.013 1.6 0.35 1
198 14.992 0.008 1.6 0.34 1
205 14.535 0.009 1.4 0.35 0
206 12.672 0.023 2.4 0.33 1
208 13.579 0.006 4.7 0.31 1
209 13.008 0.004 3.2 0.33 1
210 14.714 0.007 1.3 0.32 0
214 12.296 0.024 1.4 0.35 0
215 17.445 0.028 6.2 0.32 1
216 13.367 0.004 1.7 0.36 1
217 12.698 0.024 2.5 0.34 1
220 10.592 0.023 1.3 0.33 0
223 9.701 0.023 28.9 0.31 1
225 11.093 0.023 4.4 0.36 1
226 11.551 0.023 1.5 0.37 0
228 13.499 0.006 34.4 0.34 1
231 12.98 0.023 6.0 0.33 1
232 10.26 0.021 4.1 0.38 1
234 12.507 0.024 1.6 0.39 0
235 9.673 0.023 1.5 0.37 0
236 13.156 0.004 57.9 0.35 1
237 14.652 0.011 13.1 0.33 1
238 11.028 0.023 1.6 0.32 1
239 15.422 0.012 8.0 0.36 1
240 14.2 0.007 1.4 0.35 0
245 13.892 0.006 1.3 0.33 0
249 13.442 0.004 2.2 0.36 1
250 11.832 0.023 148.2 0.4 1
251 13.923 0.005 1.5 0.37 0
252 14.623 0.014 1.5 0.37 0
253 14.409 0.008 4.1 0.35 1
256 14.204 0.009 16.0 0.34 1
258 14.689 0.007 2.5 0.36 1
259 13.575 0.005 39.7 0.32 1
262 12.183 0.023 4.8 0.33 1
263 11.169 0.023 2.4 0.36 1
264 16.721 0.017 5.1 0.34 1
265 12.854 0.024 2.8 0.34 1
267 13.835 0.004 60.0 0.35 1
269 14.375 0.006 79.8 0.37 1
271 13.155 0.004 5.7 0.35 1
272 12.232 0.036 15.5 0.36 1
273 16.115 0.024 1.8 0.36 1
274 14.061 0.005 7.8 0.32 1
275 14.702 0.009 1.4 0.32 1
276 13.603 0.01 65.1 0.34 1
277 11.144 0.021 1.2 0.29 0
279 14.606 0.013 11.1 0.35 1
280 13.573 0.005 1.7 0.43 0
281 14.531 0.007 2.1 0.32 1
282 13.977 0.01 3.5 0.32 1
283 11.93 0.027 4.6 0.4 1
284 10.96 0.024 31.5 0.35 1
286 12.55 0.024 1.4 0.34 0
289 12.745 0.023 1.4 0.35 0
290 13.992 0.005 3.0 0.3 1
291 12.644 0.023 1.2 0.31 0
294 14.188 0.006 5.2 0.32 1
295 11.616 0.021 1.5 0.35 1
296 14.26 0.011 20.1 0.29 1
297 12.535 0.023 1.3 0.32 0
299 15.53 0.012 1.4 0.35 0
302 12.726 0.023 1.3 0.32 0
303 10.436 0.023 1.3 0.34 0
304 13.415 0.009 1.3 0.32 0
305 13.654 0.005 1.4 0.32 1
306 17.48 0.031 1.3 0.3 1
307 12.528 0.021 127.8 0.33 1
308 13.772 0.005 2.7 0.29 1
309 14.106 0.006 1.2 0.29 0
310 15.746 0.016 1.7 0.31 1
311 15.209 0.009 5.5 0.36 1
312 9.068 0.021 1.4 0.35 0
313 13.26 0.007 7.6 0.32 1
314 13.873 0.005 1.3 0.32 0
316 13.263 0.012 1.2 0.29 0
317 11.856 0.024 1.3 0.32 0
318 15.838 0.014 1.2 0.29 0
320 10.117 0.024 7.2 0.29 1
321 17.964 0.032 1.3 0.31 1
322 12.676 0.024 3.8 0.32 1
323 13.39 0.004 6.5 0.31 1
325 13.849 0.005 1.2 0.3 0
326 14.52 0.009 1.2 0.3 0
327 13.399 0.006 1.2 0.29 0
328 13.652 0.005 16.8 0.3 1
329 14.767 0.007 1.2 0.31 0
330 12.763 0.023 8.4 0.31 1
332 16.497 0.018 1.6 0.31 1
334 13.915 0.006 4.2 0.33 1
335 12.241 0.023 1.2 0.29 0
336 15.38 0.013 4.7 0.29 1
337 14.07 0.005 48.4 0.3 1
338 11.402 0.022 1.2 0.3 0
339 14.425 0.009 10.0 0.33 1
340 12.515 0.025 18.1 0.3 1
342 11.686 0.026 4.0 0.31 1
343 12.439 0.022 1.1 0.28 0
346 12.733 0.025 4.2 0.27 1
347 15.681 0.012 3.3 0.32 1
348 14.097 0.007 21.2 0.32 1
349 13.667 0.005 53.5 0.29 1
350 13.611 0.008 78.6 0.29 1
351 12.524 0.024 1.2 0.31 0
356 12.153 0.007 1.3 0.32 0
357 14.681 0.008 4.1 0.31 1
359 9.081 0.03 1.2 0.3 1
361 9.877 0.022 1.2 0.3 0
364 12.951 0.024 1.8 0.28 1
371 13.179 0.011 256.6 0.46 1
372 12.242 0.022 1.9 0.31 1
374 20.613 0.158 2.6 0.31 1
375 13.315 0.005 1.3 0.32 0
376 11.188 0.028 1.4 0.34 0
377 12.537 0.023 13.3 0.35 1
380 12.311 0.022 1.7 0.3 1
381 15.066 0.009 2.5 0.34 1
382 14.222 0.005 2.1 0.31 1
383 12.196 0.024 51.9 0.29 1
387 14.846 0.015 13.8 0.3 1
388 13.84 0.006 1.3 0.34 0
389 14.155 0.011 1.2 0.29 0
395 12.31 0.024 8.4 0.31 1
399 13.861 0.005 194.1 0.34 1
400 15.005 0.011 10.9 0.32 1
403 18.024 0.05 10.2 0.31 1
409 14.173 0.008 1.3 0.32 0
410 15.478 0.019 1.2 0.3 0
414 13.597 0.006 3.0 0.34 1
415 13.63 0.005 3.8 0.29 1
416 16.128 0.013 1.3 0.32 0
418 15.408 0.012 1.3 0.32 0
419 16.222 0.013 1.4 0.34 0
421 15.878 0.037 207.2 0.42 1
424 14.448 0.016 7.3 0.32 1
425 17.754 0.04 9.7 0.31 1
427 10.878 0.022 1.2 0.3 0
428 15.658 0.014 66.0 0.34 1
429 12.63 0.025 38.2 0.35 1
431 13.789 0.014 1.2 0.29 0
434 16.705 0.021 22.0 0.33 1
435 7.221 0.019 1.7 0.31 1
441 12.768 0.026 1.3 0.32 0
442 18.693 0.057 1.2 0.3 0
443 15.296 0.028 1.2 0.3 1
446 13.632 0.014 1.2 0.31 0
448 15.003 0.011 6.5 0.33 1
450 14.7 0.009 1.4 0.35 0
452 13.766 0.014 1.3 0.34 0
453 11.258 0.03 2.1 0.31 1
454 14.528 0.02 1.3 0.33 0
456 12.097 0.026 1.3 0.33 0
458 13.759 0.014 55.8 0.3 1
459 14.45 0.008 1.1 0.28 0
460 13.915 0.007 1.5 0.34 1
461 13.02 0.004 4.2 0.3 1
462 15.464 0.03 1.3 0.32 0
463 13.507 0.012 5.5 0.31 1
464 13.62 0.013 1.3 0.32 0
466 12.842 0.025 14.8 0.32 1
469 13.239 0.011 1.2 0.29 1
472 12.05 0.025 1.5 0.3 1
474 16.074 0.014 3.3 0.32 1
479 8.776 0.023 84.7 0.32 1
480 13.298 0.008 12.5 0.32 1
484 14.734 0.009 2.1 0.3 1
485 12.152 0.022 8.4 0.35 1
486 11.648 0.022 16.1 0.31 1
487 15.5 0.014 15.7 0.29 1
488 12.762 0.024 33.7 0.34 1
490 14.206 0.007 1.2 0.3 0
491 12.432 0.023 47.7 0.35 1
492 14.982 0.023 1.3 0.32 1
493 15.714 0.014 1.4 0.35 0
494 11.232 0.023 2.6 0.35 1
495 11.882 0.024 9.3 0.32 1
496 11.471 0.023 1.2 0.3 0
501 12.128 0.023 1.5 0.33 1
502 13.313 0.005 1.9 0.3 1
503 10.853 0.022 3.7 0.31 1
504 11.482 0.022 3.1 0.32 1
506 11.987 0.023 5.2 0.31 1
507 13.776 0.001 1.4 0.34 0
508 11.882 0.007 97.2 0.34 1
511 11.968 0.024 1.2 0.3 0
512 14.77 0.022 83.8 0.62 1
513 13.83 0.006 1.4 0.29 1
515 13.345 0.005 2.0 0.49 0
516 14.109 0.007 1.4 0.35 0
517 17.357 0.054 8.1 0.3 1
520 13.963 0.003 59.4 1.03 1
521 13.509 0.004 6.5 1.63 0
522 17.16 0.033 1.2 0.3 0
525 20.253 0.143 62.3 0.29 1
530 13.717 0.005 85.4 0.31 1
532 14.865 0.008 117.6 0.36 1
533 13.104 0.016 54.1 0.29 1
534 11.372 0.022 6.7 0.32 1
535 11.494 0.023 33.7 0.32 1
538 11.127 0.022 1.3 0.32 0
539 12.752 0.023 5.9 0.31 1
540 12.985 0.004 363.9 0.55 1
541 12.474 0.024 1.2 0.29 0
542 19.767 0.056 2.2 0.55 0
543 11.37 0.022 1.3 0.32 0
546 14.351 0.006 9.7 0.32 1
548 14.871 0.009 1.3 0.3 1
549 12.493 0.023 1.4 0.34 0
553 10.896 0.023 5.7 0.3 1
554 12.377 0.026 1.2 0.3 0
555 14.367 0.01 1.4 0.35 0
556 13.806 0.003 49.2 0.36 1
557 18.236 0.049 1.4 0.35 0
559 12.989 0.034 1.6 0.33 1
563 14.483 0.009 1.4 0.35 0
565 14.491 0.018 1.3 0.31 0
569 12.508 0.022 3.6 0.35 1
570 14.238 0.017 1.4 0.35 0
571 12.407 0.024 52.9 0.32 1
573 14.716 0.009 1.4 0.34 0
576 12.119 0.022 42.7 0.4 1
580 12.138 0.022 2.1 0.39 1
581 11.706 0.024 51.9 0.41 1
582 13.33 0.009 3.1 0.38 1
583 15.694 0.012 7.4 0.4 1
584 15.473 0.011 5.6 0.37 1
585 11.983 0.022 1.5 0.37 0
586 16.041 0.025 21.5 0.26 1
588 14.288 0.006 1.6 0.4 0
589 15.176 0.009 1.4 0.34 0
590 12.725 0.021 133.5 0.42 1
599 13.142 0.004 1.5 0.37 0
600 16.876 0.023 2.2 0.4 1
601 13.992 0.007 7.5 0.38 1
603 14.158 0.007 2.1 0.36 1
604 13.551 0.004 1.7 0.31 1
605 15.21 0.006 1.4 0.35 0
607 14.294 0.009 1.5 0.37 0
608 15.2 0.009 1.7 0.38 1
610 12.188 0.032 1.4 0.36 0
611 14.171 0.009 69.3 0.36 1
612 16.198 0.015 252.3 0.51 1
613 12.955 0.022 3.1 0.38 1
614 14.793 0.011 16.6 0.38 1
616 11.9 0.024 1.5 0.37 0
619 12.382 0.021 9.7 0.39 1
620 13.72 0.003 1.6 0.4 0
621 11.375 0.059 1.7 0.31 1
622 13.36 0.003 1.4 0.36 0
626 13.889 0.005 13.0 0.33 1
634 16.542 0.016 4.9 0.35 1
635 12.965 0.021 1.4 0.34 0
637 14.411 0.006 10.4 0.34 1
639 16.586 0.033 1.4 0.35 0
641 12.089 0.025 8.4 0.34 1
642 13.488 0.001 1.5 0.38 0
643 14.017 0.016 44.2 0.35 1
644 14.843 0.01 14.9 0.36 1
645 13.86 0.005 72.1 0.33 1
646 12.035 0.027 1.4 0.34 0
648 17.148 0.034 5.2 0.32 1
650 10.332 0.023 2.9 0.34 1
651 14.777 0.01 1.4 0.35 0
652 14.572 0.006 1.4 0.36 0
653 11.987 0.022 3.5 0.36 1
654 14.274 0.007 13.0 0.36 1
655 13.217 0.009 3.2 0.33 1
656 12.699 0.021 12.0 0.34 1
657 13.03 0.007 1.4 0.36 0
658 15.733 0.028 1.4 0.32 1
660 13.91 0.013 3.1 0.35 1
661 12.333 0.022 7.0 0.33 1
663 15.038 0.012 3.5 0.34 1
664 13.924 0.003 11.7 0.34 1
665 13.911 0.003 1.4 0.34 0
666 12.348 0.025 2.8 0.33 1
668 13.401 0.003 1.4 0.36 0
671 14.211 0.009 1.4 0.34 0
672 14.202 0.004 1.4 0.34 0
673 11.239 0.023 1.3 0.33 0
674 12.84 0.02 1.3 0.33 0
675 13.244 0.004 1.5 0.38 0
676 14.658 0.007 61.7 0.38 1
677 13.136 0.001 22.1 0.31 1
679 13.586 0.003 38.1 0.34 1
680 19.511 0.109 8.8 0.39 1
681 12.117 0.026 1.5 0.37 0
682 13.661 0.006 1.6 0.41 0
683 11.199 0.025 1.7 0.33 1
684 14.796 0.011 1.6 0.39 0
686 12.138 0.023 27.7 0.39 1
692 14.229 0.008 2.1 0.36 1
693 11.399 0.026 1.6 0.41 0
694 15.857 0.018 3.0 0.35 1
698 11.97 0.02 1.5 0.36 0
699 11.525 0.024 1.4 0.35 0
700 14.004 0.008 1.4 0.35 0
702 14.814 0.009 1.5 0.36 0
703 15.681 0.015 1.4 0.35 0
706 12.729 0.024 1.5 0.33 1
708 12.338 0.027 1.5 0.36 0
710 8.166 0.029 1.5 0.37 0
711 13.6 0.003 1.5 0.38 0
712 12.029 0.023 25.1 0.35 1
714 13.875 0.003 3.3 0.34 1
716 18.628 0.051 1.3 0.33 0
719 8.993 0.023 11.0 0.56 1
720 14.74 0.005 5.8 0.39 1
723 11.974 0.021 1.6 0.39 0
724 14.595 0.01 1.4 0.36 0
725 13.895 0.003 13.5 0.39 1
726 15.578 0.014 35.5 0.48 1
727 14.792 0.01 1.6 0.39 0
728 12.214 0.023 1.5 0.37 0
732 12.447 0.022 1.4 0.35 0
733 12.976 0.026 1.5 0.36 0
735 16.101 0.014 10.7 0.37 1
736 12.931 0.026 1.4 0.35 0
738 13.499 0.003 1.4 0.35 0
739 11.01 0.026 1.6 0.35 1
741 14.736 0.02 1.6 0.39 0
743 14.261 0.008 1.5 0.37 0
744 12.36 0.002 36.8 0.41 1
746 14.928 0.009 9.2 0.37 1
748 14.454 0.004 1.3 0.32 0
749 12.743 0.024 1.3 0.34 0
750 17.434 0.04 1.4 0.36 0
751 13.588 0.003 19.7 0.37 1
752 16.612 0.046 1.5 0.38 0
753 18.02 0.044 2.6 0.34 1
754 14.677 0.011 103.8 0.4 1
756 12.28 0.002 1.5 0.37 0
757 15.643 0.008 1.7 0.42 0
759 13.986 0.005 1.5 0.38 0
760 12.965 0.002 69.7 0.4 1
762 12.352 0.024 101.5 0.45 1
763 14.192 0.002 1.4 0.36 0
764 13.72 0.006 1.5 0.39 0
766 12.873 0.023 55.5 0.36 1
774 18.259 0.034 1.5 0.37 0
775 14.55 0.002 1.5 0.38 0
776 12.313 0.003 7.9 0.37 1
778 15.955 0.018 3.5 0.37 1
779 16.815 0.026 1.5 0.36 0
780 11.794 0.024 19.9 0.4 1
781 14.303 0.004 1.6 0.4 0
782 15.066 0.01 2.0 0.38 1
784 12.835 0.038 1.7 0.43 0
785 16.089 0.006 1.6 0.41 0
787 17.003 0.03 1.6 0.4 0
789 11.76 0.024 1.5 0.37 0
790 12.634 0.002 1.6 0.39 0
791 14.936 0.006 1.7 0.43 0
794 12.194 0.021 28.3 0.36 1
795 12.689 0.051 1.4 0.36 0
796 13.049 0.002 28.1 0.44 1
798 14.248 0.008 4.1 0.36 1
799 12.693 0.023 1.4 0.34 0
800 16.421 0.065 16.6 0.39 1
801 11.545 0.027 1.6 0.35 1
804 11.262 0.023 13.2 0.34 1
805 14.25 0.003 1.4 0.35 0
807 10.797 0.021 5.7 0.35 1
808 14.655 0.009 1.6 0.36 1
810 18.565 0.043 92.0 0.43 1
811 15.729 0.03 19.6 0.36 1
812 14.659 0.018 27.5 0.38 1
813 12.478 0.024 19.2 0.4 1
814 14.874 0.007 1.6 0.41 0
815 13.765 0.003 3.5 0.39 1
816 14.932 0.009 1.4 0.36 0
817 14.085 0.009 2.0 0.44 1
818 12.922 0.002 4.8 0.36 1
819 15.733 0.016 15.4 0.39 1
820 15.846 0.008 1.5 0.38 0
822 12.984 0.002 1.5 0.39 0
824 13.793 0.003 1.6 0.39 0
825 15.374 0.007 1.5 0.37 0
827 12.039 0.036 2.2 0.41 1
828 18.308 0.053 5.0 0.38 1
829 14.364 0.004 4.3 0.36 1
830 14.801 0.02 2.0 0.35 1
832 15.765 0.008 40.7 0.41 1
833 16.515 0.044 2.7 0.38 1
834 13.484 0.004 1.7 0.42 0
835 14.468 0.017 1.5 0.38 0
836 14.324 0.003 1.5 0.37 0
838 15.282 0.005 5.2 0.4 1
840 13.618 0.009 46.3 0.41 1
842 11.602 0.001 1.5 0.37 0
844 14.157 0.004 1.4 0.36 0
846 12.965 0.02 1.5 0.38 0
848 15.344 0.007 29.4 0.37 1
850 14.371 0.004 1.6 0.4 0
851 12.912 0.065 4.3 0.35 1
852 16.055 0.01 1.5 0.37 0
855 10.491 0.047 1.7 0.39 1
856 9.701 0.026 1.5 0.36 0
857 19.273 0.085 1.8 0.35 1
858 13.566 0.003 1.8 0.4 1
859 11.066 0.036 7.2 0.36 1
862 15.669 0.008 7.5 0.38 1
863 15.514 0.011 1.3 0.33 0
865 16.709 0.052 12.8 0.31 1
866 13.322 0.006 1.4 0.35 0
867 13.81 0.003 1.8 0.41 1
869 13.969 0.008 14.8 0.36 1
870 17.024 0.03 1.5 0.38 0
871 11.439 0.026 1.7 0.43 0
872 12.085 0.001 10.8 0.38 1
873 17.013 0.055 1.6 0.41 0
874 16.073 0.036 7.0 0.36 1
875 15.836 0.01 1.7 0.42 0
876 12.387 0.022 4.9 0.36 1
880 15.193 0.003 1.6 0.4 0
881 13.831 0.005 1.7 0.44 0
883 12.721 0.002 1.6 0.4 0
884 12.945 0.024 1.5 0.37 0
886 15.778 0.018 2.2 0.4 1
887 15.587 0.007 2.4 0.36 1
888 15.169 0.004 1.8 0.46 0
889 13.557 0.007 2.1 0.45 1
890 15.689 0.013 1.4 0.35 0
891 16.175 0.02 1.8 0.36 1
893 11.071 0.026 1.6 0.4 0
894 11.032 0.027 1.6 0.4 0
898 14.926 0.005 1.5 0.37 0
900 10.928 0.022 3.0 0.75 0
902 15.633 0.014 3.3 0.39 1
903 13.013 0.003 6.1 0.38 1
905 14.399 0.004 1.4 0.35 0
907 13.819 0.003 1.6 0.4 0
908 13.049 0.017 1.4 0.36 0
909 16.525 0.014 82.1 0.44 1
910 12.987 0.024 1.5 0.37 1
911 10.718 0.206 11.0 0.43 1
912 12.178 0.005 1.5 0.38 0
913 16.213 0.006 1.6 0.39 0
914 18.508 0.054 6.7 0.39 1
915 13.911 0.005 6.8 0.37 1
916 14.593 0.006 1.6 0.39 0
917 11.194 0.022 2.1 0.52 1
918 14.798 0.011 2.3 0.39 1
920 9.841 0.026 8.3 0.42 1
922 13.77 0.003 18.4 0.41 1
923 15.397 0.015 1.6 0.39 0
924 13.37 0.006 2.1 0.36 1
925 14.712 0.01 6.7 0.53 1
926 12.783 0.023 31.8 0.34 1
927 17.164 0.029 74.0 0.4 1
928 14.827 0.02 1.8 0.44 0
929 13.311 0.009 2.1 0.5 1
930 11.639 0.004 14.0 0.35 1
932 15.519 0.026 1.8 0.44 0
934 13.327 0.004 1.7 0.43 0
935 9.567 0.022 27.4 0.43 1
937 12.996 0.023 2.9 0.74 0
941 13.533 0.006 1.6 0.4 0
942 10.398 0.028 3.6 0.64 1
946 11.637 0.022 1.5 0.36 0
947 8.086 0.029 1.5 0.37 0
948 17.714 0.028 1.5 0.38 0
949 11.573 0.001 1.6 0.41 0
952 13.649 0.01 1.6 0.41 0
953 15.057 0.01 1.5 0.39 0
954 13.307 0.01 7.3 0.36 1
955 14.076 0.006 1.6 0.41 0
956 19.507 0.059 2.0 0.5 0
957 12.749 0.004 1.6 0.41 0
958 12.796 0.026 1.3 0.33 0
959 15.252 0.021 1.6 0.37 1
960 14.872 0.004 97.2 0.4 1
962 11.049 0.032 1.3 0.33 0
963 10.182 0.023 1.5 0.37 0
965 17.723 0.04 1.5 0.37 0
966 12.437 0.023 7.6 0.33 1
967 11.902 0.024 3.3 0.38 1
969 16.089 0.02 2.8 0.32 1
971 10.824 0.021 34.2 0.39 1
973 12.247 0.005 1.4 0.34 0
974 12.792 0.029 1.4 0.34 1
977 12.896 0.024 1.8 0.4 1
978 11.845 0.021 1.4 0.36 0
979 11.444 0.03 14.6 0.31 1
980 12.989 0.021 96.9 0.34 1
981 15.506 0.014 1.4 0.34 0
982 15.018 0.01 1.6 0.4 0
983 15.361 0.023 1.4 0.34 0
984 16.325 0.05 4.1 0.35 1
985 13.162 0.002 1.3 0.33 1
986 13.773 0.005 1.4 0.36 0
988 13.123 0.008 1.5 0.38 0
989 15.916 0.024 1.5 0.37 0
990 14.805 0.011 3.4 0.39 1
991 10.371 0.022 37.3 0.35 1
992 10.458 0.035 1.4 0.36 0
997 13.587 0.004 24.7 0.33 1
999 13.26 0.006 1.4 0.35 1
1000 12.489 0.039 85.1 0.36 1
1001 15.414 0.014 37.0 0.35 1
1002 15.749 0.055 1.7 0.33 1
1003 13.027 0.005 1.3 0.33 0
1004 13.082 0.009 1.4 0.36 0
1006 13.589 0.004 26.6 0.33 1
1007 11.572 0.02 51.8 0.35 1
1009 10.619 0.023 4.5 0.37 1
1010 13.575 0.009 1.4 0.35 0
1011 12.509 0.002 54.4 0.42 1
1012 14.175 0.008 1.6 0.39 0
1013 12.875 0.052 1.3 0.31 0
1014 15.813 0.029 1.2 0.31 0
1015 13.314 0.006 1.5 0.39 0
1016 12.618 0.022 2.0 0.36 1
1017 16.824 0.018 1.6 0.4 0
1018 13.481 0.006 1.6 0.39 0
1020 13.922 0.015 3.8 0.37 1
1021 12.428 0.002 1.5 0.38 0
1022 12.62 0.023 2.9 0.39 1
1023 15.102 0.021 1.4 0.34 0
1024 20.576 0.229 70.8 0.44 1
1025 18.967 0.076 1.4 0.35 0
1028 14.467 0.017 1.5 0.39 0
1030 10.343 0.052 3.6 0.39 1
1031 17.714 0.038 8.9 0.41 1
1032 14.803 0.005 4.1 0.34 1
1033 15.553 0.024 2.4 0.36 1
1034 12.54 0.039 1.4 0.36 0
1036 11.747 0.022 23.6 0.35 1
1037 12.667 0.001 1.7 0.43 0
1038 11.893 0.002 11.2 0.34 1
1039 14.459 0.008 103.5 0.41 1
1040 13.461 0.004 1.4 0.36 0
1041 16.5 0.024 2.3 0.36 1
1043 14.756 0.011 42.2 0.39 1
1044 11.809 0.001 1.4 0.36 0
1045 9.494 0.034 1.4 0.34 0
1047 14.114 0.005 4.1 0.42 1
1048 13.109 0.005 1.4 0.36 0
1049 11.547 0.064 4.6 0.36 1
1050 12.457 0.021 25.2 0.35 1
1051 12.374 0.004 1.4 0.35 0
1052 13.52 0.006 1.5 0.38 0
1053 11.383 0.027 1.6 0.4 0
1054 11.92 0.005 1.7 0.43 0
1055 12.686 0.021 1.6 0.4 0
1056 11.786 0.023 69.4 0.43 1
1057 16.193 0.069 1.5 0.34 1
1058 15.41 0.01 1.5 0.37 0
1059 16.02 0.016 1.6 0.41 0
1060 11.792 0.001 1.4 0.36 0
1061 11.626 0.022 1.4 0.36 0
1062 13.228 0.005 1.6 0.4 0
1063 14.293 0.004 1.5 0.37 0
1064 12.582 0.022 1.4 0.34 1
1065 15.237 0.009 10.8 0.33 1
1066 10.905 0.034 2.9 0.34 1
1069 16.674 0.04 1.9 0.37 1
1070 17.161 0.032 1.5 0.38 0
1071 12.167 0.002 2.1 0.36 1
1072 13.097 0.002 1.5 0.38 0
1073 12.272 0.005 1.5 0.37 0
1074 13.998 0.002 3.9 0.35 1
1075 12.978 0.023 1.3 0.34 0
1076 12.835 0.007 1.5 0.39 0
1077 11.947 0.022 1.5 0.38 0
1079 15.293 0.004 1.5 0.37 0
1080 14.584 0.005 1.6 0.39 0
1082 17.187 0.046 1.4 0.34 0
1083 15.846 0.032 1.8 0.35 1
1084 13.176 0.001 1.7 0.42 0
1085 12.296 0.026 1.4 0.35 0
1086 15.565 0.012 91.3 0.38 1
1088 11.348 0.023 21.9 0.35 1
1090 15.069 0.014 3.2 0.33 1
1091 9.904 0.03 1.7 0.42 0
1095 14.046 0.004 6.4 0.38 1
1096 13.827 0.014 1.6 0.4 0
1097 13.434 0.01 1.5 0.38 0
1098 12.553 0.024 1.7 0.35 1
1099 16.07 0.008 1.5 0.37 0
