"MGM Star index" "J Mag" "M dust" det
2 14.48 2.0 0
3 12.785 2.0 1
5 14.722 2.0 0
9 11.496 2.0 0
10 12.006 2.0 0
11 12.445 25.0 1
15 12.709 2.0 0
16 13.155 2.0 0
17 12.427 63.0 1
18 11.752 2.0 0
20 12.253 110.0 1
21 10.84 2.0 0
22 14.07 6.0 1
26 13.113 2.0 0
27 15.18 2.0 0
28 12.436 5.0 1
30 17.965 2.0 0
34 11.889 2.0 0
36 14.604 7.0 1
38 14.366 8.0 1
41 12.362 2.0 0
45 13.579 4.0 1
46 14.052 2.0 0
47 19.486 15.0 1
48 13.492 2.0 0
49 15.07 141.0 1
50 19.808 2.0 0
51 16.674 4.0 1
52 12.918 87.0 1
53 13.527 5.0 1
54 12.575 2.0 0
55 7.501 15.0 1
56 12.2 23.0 1
57 14.318 2.0 0
58 13.314 2.0 1
59 10.361 69.0 1
61 13.932 2.0 0
62 14.311 7.0 1
63 15.767 2.0 0
64 14.185 2.0 1
65 12.422 19.0 1
68 11.815 2.0 0
71 12.699 92.0 1
72 14.474 4.0 1
73 12.928 11.0 1
74 15.335 5.0 1
78 15.143 2.0 0
79 12.583 5.0 1
80 11.253 16.0 1
81 13.115 30.0 1
82 15.349 2.0 0
83 12.165 2.0 0
84 12.919 47.0 1
85 16.472 6.0 1
86 17.473 3.0 1
87 17.42 2.0 0
88 17.165 2.0 0
90 12.556 2.0 0
92 13.145 5.0 1
93 12.821 4.0 1
94 13.44 2.0 0
95 12.752 48.0 1
96 17.244 17.0 1
97 14.944 2.0 0
98 12.548 19.0 1
99 12.574 2.0 0
100 12.207 2.0 1
101 11.418 1.0 0
102 11.429 79.0 1
104 14.917 2.0 0
105 12.484 33.0 1
106 11.721 2.0 0
107 13.285 13.0 1
108 12.805 4.0 1
109 15.069 2.0 0
110 13.361 2.0 0
111 14.919 2.0 0
112 12.597 4.0 1
113 14.764 2.0 0
114 13.917 2.0 0
115 13.348 25.0 1
117 14.906 4.0 1
118 10.75 3.0 1
119 13.186 2.0 0
120 10.263 11.0 1
121 18.376 3.0 1
123 16.894 3.0 1
124 12.078 92.0 1
126 15.347 2.0 0
127 10.287 3.0 1
128 14.001 14.0 1
129 12.571 331.0 1
130 11.639 2.0 0
131 14.408 13.0 1
132 12.988 4.0 1
133 16.455 2.0 0
134 12.368 2.0 0
135 13.708 2.0 0
136 11.212 2.0 0
137 13.2 35.0 1
139 12.479 1.0 0
141 15.492 2.0 0
142 11.717 2.0 0
145 13.408 1.0 0
146 13.557 2.0 1
147 11.193 2.0 0
148 13.725 15.0 1
149 12.988 4.0 1
152 15.7 9.0 1
154 13.716 15.0 1
155 12.981 2.0 0
157 14.163 2.0 0
160 14.9 14.0 1
161 14.708 2.0 1
162 13.635 2.0 0
164 12.02 9.0 1
165 12.063 2.0 1
166 15.695 2.0 0
167 13.075 2.0 0
168 10.83 6.0 1
169 14.875 2.0 0
172 12.707 3.0 1
173 13.983 17.0 1
176 13.942 1.0 0
179 13.811 51.0 1
181 13.986 1.0 0
182 11.591 1.0 1
184 11.171 3.0 1
185 12.157 101.0 1
186 14.265 3.0 1
187 12.597 11.0 1
188 14.221 1.0 0
189 15.533 1.0 0
190 15.332 1.0 0
191 10.986 10.0 1
192 13.5 2.0 1
195 16.102 1.0 1
198 14.992 1.0 1
205 14.535 1.0 0
206 12.672 2.0 1
208 13.579 4.0 1
209 13.008 3.0 1
210 14.714 1.0 0
214 12.296 1.0 0
215 17.445 6.0 1
216 13.367 1.0 1
217 12.698 2.0 1
220 10.592 1.0 0
223 9.701 28.0 1
225 11.093 4.0 1
226 11.551 1.0 0
228 13.499 34.0 1
231 12.98 6.0 1
232 10.26 4.0 1
234 12.507 1.0 0
235 9.673 1.0 0
236 13.156 57.0 1
237 14.652 13.0 1
238 11.028 1.0 1
239 15.422 8.0 1
240 14.2 1.0 0
245 13.892 1.0 0
249 13.442 2.0 1
250 11.832 148.0 1
251 13.923 1.0 0
252 14.623 1.0 0
253 14.409 4.0 1
256 14.204 16.0 1
258 14.689 2.0 1
259 13.575 39.0 1
262 12.183 4.0 1
263 11.169 2.0 1
264 16.721 5.0 1
265 12.854 2.0 1
267 13.835 60.0 1
269 14.375 79.0 1
271 13.155 5.0 1
272 12.232 15.0 1
273 16.115 1.0 1
274 14.061 7.0 1
275 14.702 1.0 1
276 13.603 65.0 1
277 11.144 1.0 0
279 14.606 11.0 1
280 13.573 1.0 0
281 14.531 2.0 1
282 13.977 3.0 1
283 11.93 4.0 1
284 10.96 31.0 1
286 12.55 1.0 0
289 12.745 1.0 0
290 13.992 3.0 1
291 12.644 1.0 0
294 14.188 5.0 1
295 11.616 1.0 1
296 14.26 20.0 1
297 12.535 1.0 0
299 15.53 1.0 0
302 12.726 1.0 0
303 10.436 1.0 0
304 13.415 1.0 0
305 13.654 1.0 1
306 17.48 1.0 1
307 12.528 127.0 1
308 13.772 2.0 1
309 14.106 1.0 0
310 15.746 1.0 1
311 15.209 5.0 1
312 9.068 1.0 0
313 13.26 7.0 1
314 13.873 1.0 0
316 13.263 1.0 0
317 11.856 1.0 0
318 15.838 1.0 0
320 10.117 7.0 1
321 17.964 1.0 1
322 12.676 3.0 1
323 13.39 6.0 1
325 13.849 1.0 0
326 14.52 1.0 0
327 13.399 1.0 0
328 13.652 16.0 1
329 14.767 1.0 0
330 12.763 8.0 1
332 16.497 1.0 1
334 13.915 4.0 1
335 12.241 1.0 0
336 15.38 4.0 1
337 14.07 48.0 1
338 11.402 1.0 0
339 14.425 10.0 1
340 12.515 18.0 1
342 11.686 4.0 1
343 12.439 1.0 0
346 12.733 4.0 1
347 15.681 3.0 1
348 14.097 21.0 1
349 13.667 53.0 1
350 13.611 78.0 1
351 12.524 1.0 0
356 12.153 1.0 0
357 14.681 4.0 1
359 9.081 1.0 1
361 9.877 1.0 0
364 12.951 1.0 1
371 13.179 256.0 1
372 12.242 1.0 1
374 20.613 2.0 1
375 13.315 1.0 0
376 11.188 1.0 0
377 12.537 13.0 1
380 12.311 1.0 1
381 15.066 2.0 1
382 14.222 2.0 1
383 12.196 51.0 1
387 14.846 13.0 1
388 13.84 1.0 0
389 14.155 1.0 0
395 12.31 8.0 1
399 13.861 194.0 1
400 15.005 10.0 1
403 18.024 10.0 1
409 14.173 1.0 0
410 15.478 1.0 0
414 13.597 3.0 1
415 13.63 3.0 1
416 16.128 1.0 0
418 15.408 1.0 0
419 16.222 1.0 0
421 15.878 207.0 1
424 14.448 7.0 1
425 17.754 9.0 1
427 10.878 1.0 0
428 15.658 66.0 1
429 12.63 38.0 1
431 13.789 1.0 0
434 16.705 22.0 1
435 7.221 1.0 1
441 12.768 1.0 0
442 18.693 1.0 0
443 15.296 1.0 1
446 13.632 1.0 0
448 15.003 6.0 1
450 14.7 1.0 0
452 13.766 1.0 0
453 11.258 2.0 1
454 14.528 1.0 0
456 12.097 1.0 0
458 13.759 55.0 1
459 14.45 1.0 0
460 13.915 1.0 1
461 13.02 4.0 1
462 15.464 1.0 0
463 13.507 5.0 1
464 13.62 1.0 0
466 12.842 14.0 1
469 13.239 1.0 1
472 12.05 1.0 1
474 16.074 3.0 1
479 8.776 84.0 1
480 13.298 12.0 1
484 14.734 2.0 1
485 12.152 8.0 1
486 11.648 16.0 1
487 15.5 15.0 1
488 12.762 33.0 1
490 14.206 1.0 0
491 12.432 47.0 1
492 14.982 1.0 1
493 15.714 1.0 0
494 11.232 2.0 1
495 11.882 9.0 1
496 11.471 1.0 0
501 12.128 1.0 1
502 13.313 1.0 1
503 10.853 3.0 1
504 11.482 3.0 1
506 11.987 5.0 1
507 13.776 1.0 0
508 11.882 97.0 1
511 11.968 1.0 0
512 14.77 83.0 1
513 13.83 1.0 1
515 13.345 2.0 0
516 14.109 1.0 0
517 17.357 8.0 1
520 13.963 59.0 1
521 13.509 6.0 0
522 17.16 1.0 0
525 20.253 62.0 1
530 13.717 85.0 1
532 14.865 117.0 1
533 13.104 54.0 1
534 11.372 6.0 1
535 11.494 33.0 1
538 11.127 1.0 0
539 12.752 5.0 1
540 12.985 363.0 1
541 12.474 1.0 0
542 19.767 2.0 0
543 11.37 1.0 0
546 14.351 9.0 1
548 14.871 1.0 1
549 12.493 1.0 0
553 10.896 5.0 1
554 12.377 1.0 0
555 14.367 1.0 0
556 13.806 49.0 1
557 18.236 1.0 0
559 12.989 1.0 1
563 14.483 1.0 0
565 14.491 1.0 0
569 12.508 3.0 1
570 14.238 1.0 0
571 12.407 52.0 1
573 14.716 1.0 0
576 12.119 42.0 1
580 12.138 2.0 1
581 11.706 51.0 1
582 13.33 3.0 1
583 15.694 7.0 1
584 15.473 5.0 1
585 11.983 1.0 0
586 16.041 21.0 1
588 14.288 1.0 0
589 15.176 1.0 0
590 12.725 133.0 1
599 13.142 1.0 0
600 16.876 2.0 1
601 13.992 7.0 1
603 14.158 2.0 1
604 13.551 1.0 1
605 15.21 1.0 0
607 14.294 1.0 0
608 15.2 1.0 1
610 12.188 1.0 0
611 14.171 69.0 1
612 16.198 252.0 1
613 12.955 3.0 1
614 14.793 16.0 1
616 11.9 1.0 0
619 12.382 9.0 1
620 13.72 1.0 0
621 11.375 1.0 1
622 13.36 1.0 0
626 13.889 13.0 1
634 16.542 4.0 1
635 12.965 1.0 0
637 14.411 10.0 1
639 16.586 1.0 0
641 12.089 8.0 1
642 13.488 1.0 0
643 14.017 44.0 1
644 14.843 14.0 1
645 13.86 72.0 1
646 12.035 1.0 0
648 17.148 5.0 1
650 10.332 2.0 1
651 14.777 1.0 0
652 14.572 1.0 0
653 11.987 3.0 1
654 14.274 13.0 1
655 13.217 3.0 1
656 12.699 12.0 1
657 13.03 1.0 0
658 15.733 1.0 1
660 13.91 3.0 1
661 12.333 7.0 1
663 15.038 3.0 1
664 13.924 11.0 1
665 13.911 1.0 0
666 12.348 2.0 1
668 13.401 1.0 0
671 14.211 1.0 0
672 14.202 1.0 0
673 11.239 1.0 0
674 12.84 1.0 0
675 13.244 1.0 0
676 14.658 61.0 1
677 13.136 22.0 1
679 13.586 38.0 1
680 19.511 8.0 1
681 12.117 1.0 0
682 13.661 1.0 0
683 11.199 1.0 1
684 14.796 1.0 0
686 12.138 27.0 1
692 14.229 2.0 1
693 11.399 1.0 0
694 15.857 3.0 1
698 11.97 1.0 0
699 11.525 1.0 0
700 14.004 1.0 0
702 14.814 1.0 0
703 15.681 1.0 0
706 12.729 1.0 1
708 12.338 1.0 0
710 8.166 1.0 0
711 13.6 1.0 0
712 12.029 25.0 1
714 13.875 3.0 1
716 18.628 1.0 0
719 8.993 11.0 1
720 14.74 5.0 1
723 11.974 1.0 0
724 14.595 1.0 0
725 13.895 13.0 1
726 15.578 35.0 1
727 14.792 1.0 0
728 12.214 1.0 0
732 12.447 1.0 0
733 12.976 1.0 0
735 16.101 10.0 1
736 12.931 1.0 0
738 13.499 1.0 0
739 11.01 1.0 1
741 14.736 1.0 0
743 14.261 1.0 0
744 12.36 36.0 1
746 14.928 9.0 1
748 14.454 1.0 0
749 12.743 1.0 0
750 17.434 1.0 0
751 13.588 19.0 1
752 16.612 1.0 0
753 18.02 2.0 1
754 14.677 103.0 1
756 12.28 1.0 0
757 15.643 1.0 0
759 13.986 1.0 0
760 12.965 69.0 1
762 12.352 101.0 1
763 14.192 1.0 0
764 13.72 1.0 0
766 12.873 55.0 1
774 18.259 1.0 0
775 14.55 1.0 0
776 12.313 7.0 1
778 15.955 3.0 1
779 16.815 1.0 0
780 11.794 19.0 1
781 14.303 1.0 0
782 15.066 2.0 1
784 12.835 1.0 0
785 16.089 1.0 0
787 17.003 1.0 0
789 11.76 1.0 0
790 12.634 1.0 0
791 14.936 1.0 0
794 12.194 28.0 1
795 12.689 1.0 0
796 13.049 28.0 1
798 14.248 4.0 1
799 12.693 1.0 0
800 16.421 16.0 1
801 11.545 1.0 1
804 11.262 13.0 1
805 14.25 1.0 0
807 10.797 5.0 1
808 14.655 1.0 1
810 18.565 92.0 1
811 15.729 19.0 1
812 14.659 27.0 1
813 12.478 19.0 1
814 14.874 1.0 0
815 13.765 3.0 1
816 14.932 1.0 0
817 14.085 2.0 1
818 12.922 4.0 1
819 15.733 15.0 1
820 15.846 1.0 0
822 12.984 1.0 0
824 13.793 1.0 0
825 15.374 1.0 0
827 12.039 2.0 1
828 18.308 5.0 1
829 14.364 4.0 1
830 14.801 2.0 1
832 15.765 40.0 1
833 16.515 2.0 1
834 13.484 1.0 0
835 14.468 1.0 0
836 14.324 1.0 0
838 15.282 5.0 1
840 13.618 46.0 1
842 11.602 1.0 0
844 14.157 1.0 0
846 12.965 1.0 0
848 15.344 29.0 1
850 14.371 1.0 0
851 12.912 4.0 1
852 16.055 1.0 0
855 10.491 1.0 1
856 9.701 1.0 0
857 19.273 1.0 1
858 13.566 1.0 1
859 11.066 7.0 1
862 15.669 7.0 1
863 15.514 1.0 0
865 16.709 12.0 1
866 13.322 1.0 0
867 13.81 1.0 1
869 13.969 14.0 1
870 17.024 1.0 0
871 11.439 1.0 0
872 12.085 10.0 1
873 17.013 1.0 0
874 16.073 7.0 1
875 15.836 1.0 0
876 12.387 4.0 1
880 15.193 1.0 0
881 13.831 1.0 0
883 12.721 1.0 0
884 12.945 1.0 0
886 15.778 2.0 1
887 15.587 2.0 1
888 15.169 1.0 0
889 13.557 2.0 1
890 15.689 1.0 0
891 16.175 1.0 1
893 11.071 1.0 0
894 11.032 1.0 0
898 14.926 1.0 0
900 10.928 3.0 0
902 15.633 3.0 1
903 13.013 6.0 1
905 14.399 1.0 0
907 13.819 1.0 0
908 13.049 1.0 0
909 16.525 82.0 1
910 12.987 1.0 1
911 10.718 11.0 1
912 12.178 1.0 0
913 16.213 1.0 0
914 18.508 6.0 1
915 13.911 6.0 1
916 14.593 1.0 0
917 11.194 2.0 1
918 14.798 2.0 1
920 9.841 8.0 1
922 13.77 18.0 1
923 15.397 1.0 0
924 13.37 2.0 1
925 14.712 6.0 1
926 12.783 31.0 1
927 17.164 74.0 1
928 14.827 1.0 0
929 13.311 2.0 1
930 11.639 14.0 1
932 15.519 1.0 0
934 13.327 1.0 0
935 9.567 27.0 1
937 12.996 2.0 0
941 13.533 1.0 0
942 10.398 3.0 1
946 11.637 1.0 0
947 8.086 1.0 0
948 17.714 1.0 0
949 11.573 1.0 0
952 13.649 1.0 0
953 15.057 1.0 0
954 13.307 7.0 1
955 14.076 1.0 0
956 19.507 2.0 0
957 12.749 1.0 0
958 12.796 1.0 0
959 15.252 1.0 1
960 14.872 97.0 1
962 11.049 1.0 0
963 10.182 1.0 0
965 17.723 1.0 0
966 12.437 7.0 1
967 11.902 3.0 1
969 16.089 2.0 1
971 10.824 34.0 1
973 12.247 1.0 0
974 12.792 1.0 1
977 12.896 1.0 1
978 11.845 1.0 0
979 11.444 14.0 1
980 12.989 96.0 1
981 15.506 1.0 0
982 15.018 1.0 0
983 15.361 1.0 0
984 16.325 4.0 1
985 13.162 1.0 1
986 13.773 1.0 0
988 13.123 1.0 0
989 15.916 1.0 0
990 14.805 3.0 1
991 10.371 37.0 1
992 10.458 1.0 0
997 13.587 24.0 1
999 13.26 1.0 1
1000 12.489 85.0 1
1001 15.414 37.0 1
1002 15.749 1.0 1
1003 13.027 1.0 0
1004 13.082 1.0 0
1006 13.589 26.0 1
1007 11.572 51.0 1
1009 10.619 4.0 1
1010 13.575 1.0 0
1011 12.509 54.0 1
1012 14.175 1.0 0
1013 12.875 1.0 0
1014 15.813 1.0 0
1015 13.314 1.0 0
1016 12.618 2.0 1
1017 16.824 1.0 0
1018 13.481 1.0 0
1020 13.922 3.0 1
1021 12.428 1.0 0
1022 12.62 2.0 1
1023 15.102 1.0 0
1024 20.576 70.0 1
1025 18.967 1.0 0
1028 14.467 1.0 0
1030 10.343 3.0 1
1031 17.714 8.0 1
1032 14.803 4.0 1
1033 15.553 2.0 1
1034 12.54 1.0 0
1036 11.747 23.0 1
1037 12.667 1.0 0
1038 11.893 11.0 1
1039 14.459 103.0 1
1040 13.461 1.0 0
1041 16.5 2.0 1
1043 14.756 42.0 1
1044 11.809 1.0 0
1045 9.494 1.0 0
1047 14.114 4.0 1
1048 13.109 1.0 0
1049 11.547 4.0 1
1050 12.457 25.0 1
1051 12.374 1.0 0
1052 13.52 1.0 0
1053 11.383 1.0 0
1054 11.92 1.0 0
1055 12.686 1.0 0
1056 11.786 69.0 1
1057 16.193 1.0 1
1058 15.41 1.0 0
1059 16.02 1.0 0
1060 11.792 1.0 0
1061 11.626 1.0 0
1062 13.228 1.0 0
1063 14.293 1.0 0
1064 12.582 1.0 1
1065 15.237 10.0 1
1066 10.905 2.0 1
1069 16.674 1.0 1
1070 17.161 1.0 0
1071 12.167 2.0 1
1072 13.097 1.0 0
1073 12.272 1.0 0
1074 13.998 3.0 1
1075 12.978 1.0 0
1076 12.835 1.0 0
1077 11.947 1.0 0
1079 15.293 1.0 0
1080 14.584 1.0 0
1082 17.187 1.0 0
1083 15.846 1.0 1
1084 13.176 1.0 0
1085 12.296 1.0 0
1086 15.565 91.0 1
1088 11.348 21.0 1
1090 15.069 3.0 1
1091 9.904 1.0 0
1095 14.046 6.0 1
1096 13.827 1.0 0
1097 13.434 1.0 0
1098 12.553 1.0 1
1099 16.07 1.0 0
